ellip_t12.0c4.0
1.0	0.0
1.0000508930169612	0.0019004639349516693
0.9996074372582354	0.0038780036569898498
0.998669214518712	0.005930453710071721
0.9972363010086391	0.008055340617294248
0.9953092703298762	0.010249886477234366
0.9928891959388889	0.012511013793626421
0.9899776530864258	0.01483535152982133
0.9865767202242006	0.01721924237452145
0.9826889798692661	0.01965875120035908
0.9783175189171155	0.02214967469199899
0.973465928394889	0.02468755211561783
0.9681383026463978	0.027267677196860643
0.9623392379410185	0.029885111069716266
0.9560738304988591	0.03253469625420492
0.9493476739249599	0.03521107161634986
0.9421668560456864	0.037908688259627475
0.934537955140883	0.04062182629297273
0.926468035565828	0.043344612416474616
0.9179646427575321	0.04607103826214642
0.9090357976204946	0.048794979423613334
0.8996899902876613	0.0515102151052398
0.8899361732530405	0.0542104483181377
0.8797837538732142	0.056889326547668734
0.8692425862358605	0.05954046281449454
0.8583229623943767	0.062157457048950704
0.8470356029687524	0.06473391769654294
0.8353916471140163	0.06726348347069433
0.8234026418588597	0.0697398451675305
0.8110805308184094	0.07215676745648371
0.7984376422866166	0.07450811055984209
0.7854866767153116	0.07678785173407576
0.772240693588652	0.07899010646584914
0.758713097703478	0.08110914929608579
0.7449176248679276	0.08313943418629824
0.7308683270326076	0.08507561434263264
0.7165795568705885	0.08691256141471429
0.7020659518245292	0.08864538398841482
0.687342417641295	0.09026944529409292
0.6724241114164945	0.0917803800546895
0.6573264241734356	0.09317411040127258
0.642064963003017	0.09444686078722453
0.6266555327930706	0.09559517183622789
0.6111141175775783	0.09661591306352486
0.5954568615380046	0.09750629441457825
0.5797000496907146	0.0982638765702312
0.5638600882960092	0.09888657997272148
0.5479534850257481	0.09937269253243095
0.5319968289277951	0.09972087598100873
0.5160067702265845	0.09993017084246962
0.49999999999999994	0.09999999999999999
0.48399322977341547	0.09993017084246963
0.46800317107220485	0.09972087598100873
0.4520465149742518	0.09937269253243095
0.43613991170399075	0.09888657997272146
0.4202999503092852	0.09826387657023118
0.4045431384619953	0.09750629441457823
0.3888858824224218	0.09661591306352486
0.3733444672069292	0.09559517183622787
0.3579350369969831	0.09444686078722453
0.3426735758265643	0.09317411040127258
0.3275758885835053	0.09178038005468948
0.31265758235870506	0.09026944529409292
0.2979340481754706	0.08864538398841482
0.2834204431294115	0.08691256141471429
0.2691316729673924	0.08507561434263264
0.2550823751320723	0.08313943418629821
0.24128690229652205	0.08110914929608579
0.2277593064113478	0.07899010646584911
0.2145133232846884	0.07678785173407576
0.20156235771338332	0.07450811055984208
0.1889194691815906	0.0721567674564837
0.1765973581411403	0.0697398451675305
0.1646083528859837	0.0672634834706943
0.1529643970312477	0.06473391769654292
0.14167703760562328	0.062157457048950704
0.1307574137641395	0.059540462814494516
0.12021624612678587	0.05688932654766874
0.1100638267469593	0.05421044831813766
0.10031000971233871	0.05151021510523979
0.0909642023795055	0.048794979423613355
0.08203535724246777	0.046071038262146397
0.07353196443417202	0.043344612416474616
0.06546204485911697	0.04062182629297271
0.057833143954313576	0.03790868825962746
0.050652326075039965	0.035211071616349815
0.043926169501140956	0.03253469625420491
0.03766076205898147	0.02988511106971626
0.03186169735360219	0.027267677196860626
0.026534071605111037	0.024687552115617833
0.02168248108288451	0.022149674691998973
0.01731102013073392	0.019658751200359068
0.013423279775799364	0.017219242374521455
0.010022346913574173	0.014835351529821314
0.007110804061111116	0.012511013793626426
0.004690729670123845	0.010249886477234347
0.0027636989913609016	0.008055340617294246
0.0013307854812879606	0.005930453710071722
0.00039256274176460303	0.0038780036569898355
-5.089301696118418e-5	0.001900463934951666
3.0488172391608277e-18	-1.9055107744755172e-17
0.0005443326512295861	-0.0018215330720825471
0.00158070882996384	-0.003562591709568961
0.0031072499156320453	-0.005221943739219279
0.005121599694161224	-0.00679866706243951
0.0076209297347384465	-0.008292147129040528
0.01060194521020022	-0.00970207322915649
0.014060891147678396	-0.011028433628462113
0.017993559095569562	-0.012271509576276003
0.022395294192323018	-0.01343186822043968
0.027261002621961905	-0.014510354466996908
0.03258515944066351	-0.015508081826649409
0.03836181675814646	-0.01642642229371711
0.04458461225703744	-0.017266995306863805
0.05124677803283952	-0.018031655844152505
0.0583411497365922	-0.01872248170804878
0.06586017600182284	-0.01934176005878734
0.07379592813693944	-0.019891973257041347
0.08214011006381296	-0.020375784079077523
0.09088406848297034	-0.020796020369533527
0.10001880324554721	-0.021155659198611235
0.10953497791197093	-0.021457810591833992
0.1194229304772515	-0.02170570090156667
0.1296726842427547	-0.021902655890240905
0.1402739588144489	-0.022052083595667075
0.15121618120782931	-0.022157457048950696
0.16248849704006363	-0.022222296915370393
0.17407978179036449	-0.02225015412812216
0.18597865211017006	-0.022244592584101518
0.19817347716543285	-0.02220917196988952
0.21065238999414354	-0.02214743078484418
0.2234032988631812	-0.022062869626688644
0.2364138986096556	-0.02195893480324623
0.2496716819531067	-0.021839002332017167
0.2631639507662123	-0.02170636238713836
0.27687782729306076	-0.021564204250933708
0.29080026530551606	-0.021415601824766713
0.3049180611897489	-0.021263499751267262
0.3192178649566171	-0.021110700197236446
0.3336861911712032	-0.020959850343657917
0.3483094297984881	-0.020813430626274693
0.36307385696378786	-0.02067374376714392
0.37796564562821616	-0.020542904634473336
0.39297087618103577	-0.02042283096488408
0.40807554695228	-0.02031523497904819
0.42326558465048375	-0.02022161591842503
0.43852685473170516	-0.02014325352757622
0.45384517170723404	-0.020081202503283394
0.46920630939848185	-0.02003628792842961
0.48459601114845624	-0.020009101705338754
0.4999999999999999	-0.019999999999999997
0.5154039888515439	-0.020009101705338754
0.5307936906015184	-0.020036287928429618
0.5461548282927663	-0.020081202503283394
0.5614731452682951	-0.020143253527576233
0.5767344153495161	-0.020221615918425036
0.5919244530477202	-0.020315234979048184
0.6070291238189645	-0.02042283096488408
0.6220343543717841	-0.020542904634473343
0.6369261430362123	-0.020673743767143926
0.6516905702015118	-0.020813430626274686
0.666313808828797	-0.020959850343657924
0.6807821350433831	-0.02111070019723646
0.6950819388102513	-0.021263499751267262
0.7091997346944842	-0.021415601824766713
0.7231221727069395	-0.021564204250933715
0.7368360492337879	-0.021706362387138366
0.7503283180468935	-0.02183900233201716
0.7635861013903447	-0.021958934803246226
0.776596701136819	-0.022062869626688644
0.7893476100058567	-0.022147430784844185
0.8018265228345675	-0.02220917196988953
0.8140213478898302	-0.022244592584101518
0.8259202182096356	-0.02225015412812215
0.8375115029599364	-0.0222222969153704
0.848783818792171	-0.022157457048950686
0.8597260411855512	-0.02205208359566706
0.8703273157572455	-0.021902655890240905
0.8805770695227487	-0.02170570090156668
0.890465022088029	-0.02145781059183398
0.8999811967544531	-0.021155659198611235
0.9091159315170299	-0.020796020369533527
0.9178598899361872	-0.020375784079077516
0.9262040718630606	-0.019891973257041333
0.9341398239981771	-0.01934176005878733
0.9416588502634081	-0.01872248170804876
0.9487532219671605	-0.018031655844152488
0.9554153877429626	-0.017266995306863795
0.9616381832418536	-0.01642642229371709
0.9674148405593366	-0.015508081826649414
0.9727389973780382	-0.014510354466996861
0.9776047058076771	-0.013431868220439666
0.9820064409044305	-0.012271509576275971
0.9859391088523216	-0.011028433628462108
0.9893980547897999	-0.009702073229156501
0.9923790702652616	-0.00829214712904048
0.9948784003058389	-0.006798667062439489
0.996892750084368	-0.005221943739219248
0.9984192911700361	-0.0035625917095689556
0.9994556673487704	-0.0018215330720825426
1.0	0.0
