ellip_t8.0c6.0
1.0	0.0
0.9997532801828658	0.0013156285102769796
0.9990133642141358	0.0027481797417382003
0.99778098230154	0.0042957150108799145
0.996057350657239	0.005955834508713218
0.9938441702975689	0.007725683112754622
0.9911436253643444	0.009601958006781425
0.9879583809693737	0.011580918081881112
0.9842915805643155	0.01365839508527829
0.9801468428384715	0.01582980647650872
0.9755282581475768	0.018090169943749464
0.9704403844771128	0.02043411952653797
0.9648882429441257	0.02285592328474478
0.9588773128419905	0.025349502447530578
0.9524135262330098	0.02790845197014221
0.9455032620941839	0.030526062420807687
0.9381533400219317	0.033195343114698725
0.9303710135019718	0.035909046406963394
0.9221639627510075	0.03865969305220769
0.9135402871372809	0.0414395985335449
0.9045084971874737	0.044240900260450494
0.8950775061878452	0.04705558553117341
0.8852566213878945	0.04987552015237587
0.8750555348152298	0.05269247760601694
0.8644843137107058	0.05549816865126815
0.8535533905932737	0.05828427124746191
0.8422735529643444	0.06104246068273586
0.8306559326618259	0.06376443979214752
0.8187119948743449	0.0664419691486033
0.8064535268264883	0.06906689710997324
0.7938926261462365	0.07163118960624634
0.7810416889260653	0.07412695955152282
0.7679133974894983	0.07654649576703279
0.7545207078751857	0.0788822913032092
0.7408768370508576	0.08112707105112445
0.7269952498697734	0.08327381853630891
0.7128896457825363	0.08531580179110149
0.6985739453173903	0.0872465982052199
0.684062276342339	0.08906011825817241
0.6693689601226456	0.09075062804144271
0.6545084971874737	0.09231277048305456
0.6394955530196147	0.09374158519213817
0.6243449435824273	0.09503252684646116
0.6090716206982713	0.09618148205153049
0.5936906572928623	0.09718478460579508
0.5782172325201154	0.09803922911266012
0.5626666167821521	0.09874208288643804
0.5470541566592572	0.09929109610598386
0.5313952597646566	0.0996845101765652
0.515705379539064	0.0999210642674774
0.49999999999999994	0.09999999999999999
0.48429462046093585	0.0999210642674774
0.4686047402353433	0.09968451017656521
0.45294584334074284	0.09929109610598386
0.4373333832178478	0.09874208288643804
0.42178276747988447	0.09803922911266011
0.4063093427071376	0.09718478460579508
0.39092837930172875	0.09618148205153049
0.3756550564175726	0.09503252684646114
0.3605044469803853	0.09374158519213818
0.3454915028125262	0.09231277048305456
0.3306310398773542	0.09075062804144268
0.31593772365766104	0.08906011825817241
0.30142605468260963	0.0872465982052199
0.28711035421746367	0.08531580179110146
0.2730047501302266	0.08327381853630891
0.2591231629491423	0.08112707105112443
0.24547929212481434	0.0788822913032092
0.23208660251050156	0.07654649576703276
0.21895831107393465	0.0741269595515228
0.2061073738537635	0.07163118960624631
0.1935464731735117	0.06906689710997324
0.18128800512565513	0.0664419691486033
0.16934406733817398	0.06376443979214749
0.15772644703565564	0.06104246068273585
0.14644660940672627	0.05828427124746191
0.13551568628929417	0.05549816865126813
0.12494446518477026	0.05269247760601695
0.11474337861210532	0.04987552015237583
0.1049224938121548	0.04705558553117341
0.09549150281252633	0.044240900260450515
0.08645971286271903	0.04143959853354487
0.07783603724899246	0.03865969305220769
0.06962898649802812	0.03590904640696337
0.06184665997806821	0.03319534311469871
0.054496737905815995	0.03052606242080765
0.04758647376699021	0.027908451970142203
0.04112268715800943	0.025349502447530564
0.03511175705587427	0.02285592328474476
0.029559615522887273	0.020434119526537977
0.02447174185242318	0.018090169943749453
0.019853157161528467	0.015829806476508713
0.015708419435684462	0.013658395085278292
0.012041619030626283	0.011580918081881103
0.00885637463565564	0.009601958006781436
0.006155829702431115	0.007725683112754609
0.003942649342761062	0.0059558345087132245
0.002219017698460002	0.004295715010879916
0.0009866357858642205	0.0027481797417381907
0.0002467198171342	0.0013156285102769775
0.0	-1.2864981197413094e-17
0.0002467198171342	-0.0011972322159732897
0.0009866357858642205	-0.002275061820606868
0.002219017698460002	-0.0032329500546012407
0.003942649342761062	-0.004070824176431111
0.00615582970243117	-0.004789074090463846
0.008856374635655695	-0.005388547160076525
0.012041619030626283	-0.005870541229842289
0.015708419435684462	-0.006236795887910104
0.019853157161528467	-0.006489482006629623
0.024471741852423234	-0.0066311896062463275
0.029559615522887273	-0.006664914093085335
0.03511175705587438	-0.00659404093002946
0.041122687158009485	-0.00642232880325188
0.04758647376699027	-0.006153891355063593
0.05449673790581616	-0.005793177558356058
0.06184665997806821	-0.0053449508134385156
0.06962898649802829	-0.004814266853066303
0.07783603724899252	-0.0042064505461120415
0.08645971286271908	-0.003527071694625565
0.09549150281252639	-0.002781919922947341
0.10492249381215485	-0.001976978761064705
0.11474337861210548	-0.0011183990275193227
0.12494446518477031	-0.0002124716198751951
0.13551568628929422	0.000734400176973047
0.14644660940672632	0.001715728752538108
0.1577264470356557	0.002724970489022944
0.1693440673381742	0.0037555542217107517
0.18128800512565524	0.004800909726540171
0.19354647317351176	0.005854496119918028
0.20610737385376338	0.006909830056250517
0.21895831107393493	0.007960513609557886
0.23208660251050184	0.00900026172687158
0.24547929212481445	0.010022929142893718
0.2591231629491424	0.011022536647615364
0.2730047501302265	0.011993296601239475
0.2871103542174639	0.012929637593819925
0.30142605468260986	0.01382622815050142
0.3159377236576611	0.014677999387112298
0.3306310398773543	0.015480166525104658
0.3454915028125262	0.016228249179442267
0.36050444698038564	0.016918090337982736
0.3756550564175728	0.017545873956170667
0.3909283793017288	0.018108141096430684
0.4063093427071377	0.01860180454749999
0.42178276747988447	0.0190241618650491
0.43733338321784815	0.019372906781279828
0.452945843340743	0.019646138937737465
0.4686047402353434	0.019842371902303466
0.48429462046093585	0.019960539438218884
0.4999999999999999	0.019999999999999997
0.5157053795390644	0.019960539438218884
0.5313952597646568	0.01984237190230346
0.5470541566592573	0.019646138937737458
0.5626666167821521	0.019372906781279814
0.5782172325201154	0.0190241618650491
0.5936906572928625	0.018601804547499982
0.6090716206982715	0.018108141096430677
0.6243449435824274	0.01754587395617066
0.6394955530196146	0.01691809033798273
0.6545084971874736	0.01622824917944228
0.6693689601226459	0.015480166525104644
0.6840622763423392	0.014677999387112277
0.6985739453173904	0.013826228150501413
0.7128896457825363	0.01292963759381991
0.7269952498697737	0.011993296601239455
0.7408768370508578	0.011022536647615343
0.7545207078751858	0.010022929142893704
0.7679133974894984	0.009000261726871565
0.7810416889260653	0.007960513609557872
0.7938926261462369	0.006909830056250496
0.8064535268264885	0.005854496119918
0.818711994874345	0.004800909726540157
0.8306559326618259	0.0037555542217107517
0.8422735529643444	0.00272497048902293
0.853553390593274	0.0017157287525380836
0.8644843137107059	0.0007344001769730435
0.8750555348152299	-0.0002124716198752194
0.8852566213878947	-0.001118399027519347
0.8950775061878451	-0.001976978761064691
0.904508497187474	-0.0027819199229473755
0.9135402871372811	-0.003527071694625579
0.9221639627510076	-0.004206450546112055
0.9303710135019718	-0.004814266853066308
0.9381533400219317	-0.005344950813438502
0.9455032620941841	-0.005793177558356084
0.9524135262330098	-0.006153891355063588
0.9588773128419906	-0.006422328803251887
0.9648882429441257	-0.006594040930029453
0.9704403844771128	-0.006664914093085346
0.9755282581475768	-0.006631189606246302
0.9801468428384716	-0.006489482006629629
0.9842915805643155	-0.006236795887910082
0.9879583809693737	-0.005870541229842288
0.9911436253643444	-0.005388547160076548
0.9938441702975689	-0.004789074090463822
0.996057350657239	-0.004070824176431104
0.99778098230154	-0.00323295005460122
0.9990133642141358	-0.0022750618206068655
0.9997532801828658	-0.0011972322159732867
1.0	0.0
